4294967278,33
4294967278,32
4294967278,31
4294967278,30
4294967278,29
4294967278,28
4294967278,27
11,5
11,4
11,1
8,4
8,5
8,1
4294967278,47
4294967278,46
4294967278,45
4294967278,44
4294967278,43
4294967278,42
4294967278,41
4294967278,40
4294967278,39
4294967278,38
4294967278,37
4294967278,36
4294967278,35
4294967278,34
4294967279,49
4294967279,48
4294967279,45
4294967278,345
4294967278,174
4294967279,341
4294967278,344
4294967279,340
4294967294,394
4294967278,206
4294967278,343
4294967279,339
4294967278,205
4294967278,204
4294967278,342
4294967279,338
4294967278,203
4294967278,201
4294967278,198
18,6
4294967278,200
18,5
18,4
4294967278,199
18,3
18,2
18,1
4294967278,341
4294967279,337
4294967279,336
4294967278,309
4294967279,335
4294967278,308
4294967294,89
4294967278,194
4294967278,193
4294967278,306
4294967278,192
4294967278,190
17,5
4294967278,189
17,4
17,2
17,1
4294967279,334
4294967278,188
4294967278,340
4294967279,333
4294967278,339
4294967278,338
4294967278,183
4294967278,337
4294967279,332
4294967278,182
4294967294,38
4294967294,37
4294967294,36
4294967294,39
4294967278,181
4294967278,336
4294967278,180
4294967278,178
16,5
4294967278,177
16,4
16,2
16,1
4294967279,331
4294967278,176
4294967294,40
4294967279,42
4294967279,41
4294967279,40
4294967279,38
4294967279,37
4294967279,36
4294967279,35
4294967279,34
4294967279,33
4294967279,32
4294967279,31
4294967279,30
4294967279,29
4294967279,28
4294967279,27
4294967279,26
4294967279,23
4294967279,22
4294967279,21
4294967279,18
4294967279,16
4294967279,12
4294967279,11
4294967278,301
4294967294,392
4294967294,46
4294967294,389
4294967294,390
4294967294,115
4294967294,114
4294967279,330
4294967278,299
4294967278,335
4294967278,168
4294967279,329
4294967278,334
4294967278,297
15,0
4294967279,328
4294967294,898
4294967294,97
4294967294,104
4294967294,106
4294967294,166
4294967294,24
4294967294,189
4294967294,184
4294967294,384
4294967294,185
4294967294,1413
4294967294,519
4294967294,442
4294967294,422
4294967294,425
4294967278,333
4294967278,332
4294967278,331
4294967278,260
4294967278,0
4294967279,327
4294967278,165
4294967279,326
4294967278,164
4294967294,29
4294967278,295
4294967278,163
4294967278,162
15,5
4294967279,10
4294967279,9
4294967278,293
4294967279,325
4294967294,75
4294967294,127
4294967294,14
4294967294,126
4294967294,41
4294967294,424
4294967279,324
4294967294,43
4294967279,157
4294967294,1416
4294967294,44
4294967294,437
4294967294,45
4294967294,52
4294967294,468
4294967294,51
4294967279,320
15,4
15,2
15,1
4294967279,151
4294967294,17
4294967294,99
4294967294,76
4294967294,82
4294967294,903
4294967294,88
4294967294,87
4294967294,904
4294967294,186
4294967294,85
4294967294,83
4294967278,330
4294967294,5
4294967294,107
4294967294,42
4294967294,2
4294967294,0
4294967294,120
4294967294,91
4294967294,92
4294967294,90
4294967294,86
4294967294,84
4294967294,413
4294967294,950
4294967294,949
4294967294,921
4294967294,28
4294967294,470
4294967294,946
4294967294,26
4294967294,53
4294967294,427
4294967279,322
4294967279,260
4294967279,0
4294967294,7
4294967278,329
4294967294,6
4294967294,22
4294967294,96
4294967294,94
4294967279,144
4294967294,9
4294967279,143
4294967294,8
0,7
4294967294,12
4294967294,30
4294967294,942
4294967294,941
4294967294,939
4294967294,938
4294967294,933
4294967294,922
4294967294,436
4294967294,830
4294967294,829
4294967294,828
4294967294,827
4294967294,60
4294967294,81
9,4
4294967278,132
4294967278,131
4294967278,130
4294967278,129
4294967278,128
4294967278,127
4294967278,126
4294967278,125
4294967278,124
4294967278,123
4294967278,122
4294967278,121
4294967278,120
4294967278,119
4294967278,118
4294967278,117
4294967278,116
4294967278,115
4294967278,114
4294967278,113
4294967278,112
4294967278,111
4294967278,110
4294967278,109
4294967278,108
4294967278,107
4294967278,106
4294967278,105
4294967278,104
4294967278,103
4294967278,102
4294967278,101
4294967278,100
4294967278,99
4294967278,98
4294967278,97
4294967278,96
4294967278,95
4294967278,94
4294967278,93
4294967278,92
4294967278,91
4294967278,90
4294967278,89
